2.377450826
2.021249922
3.185284165
2.909464639
2.380895427
2.300091298
2.210385142
3.571247426
2.420824708
2.065063955
2.064011244
2.416917191
2.416702599
2.205787864
2.206176926
2.4163007
3.355295749
3.440211306
2.416155539
2.41640074
2.189588931
4.546533508
2.278213544
2.28253762
2.206149802
2.064238843
2.416316783
2.416283875
2.06476254
2.416441699
2.41640556
2.206160972
3.016030927
2.205668848
2.206257658
2.064427215
2.064272074
2.064563186
2.416743775
2.416686108
2.416773407
2.416445835
2.20581857
2.20582827
3.323561927
2.277830618
2.064146309
2.064177275
2.064577309
2.415967407
2.417271406
2.584180991
2.275975856
2.064631551
1.45922091
3.259499144
2.416566079
2.965433339
2.064877915
1.866951166
1.807343281
2.417532116
2.416111316
2.416150888
2.417735395
2.655137669
2.206318619
2.544091735
3.0269412
2.064648531
2.064684778
2.064211142
2.938640822
2.416467383
2.416522169
2.416151669
2.206339451
2.205786284
2.276953933
3.043830552
1.408036276
1.407684469
1.440585283
4.057281218
2.416036667
2.593643632
2.06474831
2.064479863
2.939424003
2.416522891
3.010781229
2.989738941
2.205763568
1.807383884
2.206105798
3.801940151
2.416718014
2.065105545
2.021253981
3.139173669
